# Created by Octave 4.0.0, Tue Aug 15 18:48:57 2017 IST <kvikrama@YaVi>
# name: fftOut
# type: complex matrix
# rows: 1
# columns: 8
 (250615,0) (-10414.48139464569,10479.39626231081) (8497,-42222) (-24805.51860535431,78709.39626231081) (-14673,0) (-24805.51860535431,-78709.39626231081) (8497,42222) (-10414.48139464569,-10479.39626231081)


