# Created by Octave 4.0.0, Tue Aug 15 18:48:57 2017 IST <kvikrama@YaVi>
# name: intVec
# type: matrix
# rows: 1
# columns: 8
 22812 30494 44426 4295 40422 56939 10311 40916


